   NS_SS0963  1 0.0051 0.9949 
   NS_SS0983  1 0.0033 0.9967 
   NS_SS0719  1 0.0043 0.9957 
   NS_SS1001  1 0.0057 0.9943 
   NS_SS0936  1 0.0024 0.9976 
   NS_SS0955  1 0.0030 0.9970 
   NS_SS0944  1 0.0014 0.9986 
   NS_SS0945  1 0.0069 0.9931 
   NS_SS0922  1 0.0244 0.9756 
   NS_SS0929  1 0.0023 0.9977 
   NS_SS0956  1 0.0033 0.9967 
   NS_SS0906  1 0.0021 0.9979 
   NS_SS0721  1 0.0045 0.9955 
   NS_SS0982  1 0.0162 0.9838 
   NS_SS0923  1 0.0037 0.9963 
   NS_SS0905  1 0.0014 0.9986 
   NS_SS0925  1 0.0035 0.9965 
   NS_SS0947  1 0.0040 0.9960 
   NS_SS0926  1 0.0011 0.9989 
   NS_SS0918  1 0.0022 0.9978 
   NS_SS0966  1 0.0411 0.9589 
   NS_SS0938  1 0.0014 0.9986 
   NS_SS0917  1 0.0287 0.9713 
   NS_SS0957  1 0.0048 0.9952 
   NS_SS0987  1 0.2437 0.7563 
   NS_SS0717  1 0.0020 0.9980 
   NS_SS0986  1 0.0029 0.9971 
   NS_SS0953  1 0.0163 0.9837 
   NS_SS0907  1 0.0374 0.9626 
   NS_SS0974  1 0.0029 0.9971 
   NS_SS0989  1 0.0010 0.9990 
   NS_SS0991  1 0.0012 0.9988 
   NS_SS0994  1 0.0015 0.9985 
   NS_SS0931  1 0.0065 0.9935 
   NS_SS1000  1 0.0035 0.9965 
   NS_SS0919  1 0.0025 0.9975 
   NS_SS0949  1 0.0011 0.9989 
   NS_SS0960  1 0.0056 0.9944 
   NS_SS0716  1 0.0069 0.9931 
   NS_SS0924  1 0.0150 0.9850 
   NS_SS0935  1 0.0065 0.9935 
   NS_SS0952  1 0.0309 0.9691 
   NS_SS0962  1 0.0062 0.9938 
   NS_SS0973  1 0.0032 0.9968 
   NS_SS0722  1 0.0019 0.9981 
   NS_SS0979  1 0.0016 0.9984 
   NS_SS0993  1 0.0161 0.9839 
   NS_SS0958  1 0.0020 0.9980 
   NS_SS0988  1 0.0037 0.9963 
   NS_SS1003  1 0.0080 0.9920 
   NS_SS0976  1 0.0018 0.9982 
   NS_SS0964  1 0.0025 0.9975 
   NS_SS0939  1 0.0041 0.9959 
   NS_SS0990  1 0.0029 0.9971 
   NS_SS0984  1 0.0019 0.9981 
   NS_SS0980  1 0.0017 0.9983 
   NS_SS0978  1 0.0030 0.9970 
   NS_SS0951  1 0.0028 0.9972 
   NS_SS0913  1 0.0394 0.9606 
   NS_SS1002  1 0.0414 0.9586 
   NS_SS0948  1 0.0397 0.9603 
   NS_SS0916  1 0.0043 0.9957 
   NS_SS0995  1 0.0031 0.9969 
   NS_SS0927  1 0.0040 0.9960 
   NS_SS0992  1 0.0024 0.9976 
   NS_SS0912  1 0.0025 0.9975 
   NS_SS0981  1 0.0024 0.9976 
   NS_SS0729  2 0.0030 0.9970 
   NS_SS0967  2 0.0098 0.9902 
   NS_SS0941  2 0.0625 0.9375 
   NS_SS0768  2 0.0043 0.9957 
   NS_SS0726  2 0.0062 0.9938 
   NS_SS0763  2 0.0018 0.9982 
   NS_SS0730  2 0.0026 0.9974 
   NS_SS0774  2 0.0006 0.9994 
   NS_SS0723  2 0.0013 0.9987 
   NS_SS0940  2 0.0056 0.9944 
   NS_SS0762  2 0.0028 0.9972 
   NS_SS0766  2 0.0102 0.9898 
   NS_SS0724  2 0.0035 0.9965 
   NS_SS0769  2 0.0039 0.9961 
   NS_SS0777  2 0.0106 0.9894 
   NS_SS0734  2 0.0208 0.9792 
   NS_SS0737  2 0.0044 0.9956 
   NS_SS0732  2 0.0049 0.9951 
   NS_SS0728  2 0.0079 0.9921 
   NS_SS0735  2 0.0061 0.9939 
   NS_SS0725  2 0.0068 0.9932 
   NS_SS0788  2 0.0011 0.9989 
   NS_SS0778  2 0.0014 0.9986 
   NS_SS0792  2 0.0047 0.9953 
   NS_SS0943  2 0.0056 0.9944 
   NS_SS0791  2 0.0125 0.9875 
   NS_SS0790  2 0.0030 0.9970 
   NS_SS0731  2 0.0108 0.9892 
   NS_SS0727  2 0.0015 0.9985 
   NS_SS0779  2 0.0046 0.9954 
   NS_SS0776  2 0.0049 0.9951 
   NS_SS0775  2 0.0073 0.9927 
   NS_SS0965  3 0.0014 0.9986 
   NS_SS0754  3 0.0086 0.9914 
   NS_SS0838  3 0.0377 0.9623 
   NS_SS0839  3 0.0037 0.9963 
   NS_SS0832  3 0.0555 0.9445 
   NS_SS0820  3 0.0069 0.9931 
   NS_SS0886  3 0.0017 0.9983 
   NS_SS0748  3 0.0060 0.9940 
   NS_SS0884  3 0.0191 0.9809 
   NS_SS0752  3 0.0015 0.9985 
   NS_SS0862  3 0.0038 0.9962 
   NS_SS0787  3 0.0055 0.9945 
   NS_SS0843  3 0.0017 0.9983 
   NS_SS0856  3 0.0025 0.9975 
   NS_SS0846  3 0.0022 0.9978 
   NS_SS0825  3 0.0092 0.9908 
   NS_SS0757  3 0.0026 0.9974 
   NS_SS0876  3 0.2330 0.7670 
   NS_SS0903  3 0.0020 0.9980 
   NS_SS0875  3 0.0026 0.9974 
   NS_SS0740  3 0.0025 0.9975 
   NS_SS0811  3 0.0090 0.9910 
   NS_SS0751  3 0.0022 0.9978 
   NS_SS0891  3 0.0049 0.9951 
   NS_SS0867  3 0.0221 0.9779 
   NS_SS0890  3 0.0034 0.9966 
   NS_SS0866  3 0.0037 0.9963 
   NS_SS0755  3 0.0054 0.9946 
   NS_SS0758  3 0.0015 0.9985 
   NS_SS0840  3 0.0022 0.9978 
   NS_SS0889  3 0.0018 0.9982 
   NS_SS1010  3 0.0367 0.9633 
   NS_SS0888  3 0.0013 0.9987 
   NS_SS0837  3 0.0024 0.9976 
   NS_SS0794  3 0.0017 0.9983 
   NS_SS0823  3 0.0036 0.9964 
   NS_SS0829  3 0.1107 0.8893 
   NS_SS0844  3 0.0017 0.9983 
   NS_SS1008  3 0.0082 0.9918 
   NS_SS0881  3 0.0018 0.9982 
   NS_SS0834  3 0.0057 0.9943 
   NS_SS0744  3 0.0057 0.9943 
   NS_SS0899  3 0.0013 0.9987 
   NS_SS0804  3 0.0034 0.9966 
   NS_SS0781  3 0.0031 0.9969 
   NS_SS0822  3 0.0015 0.9985 
   NS_SS1004  3 0.0032 0.9968 
   NS_SS0746  3 0.0096 0.9904 
   NS_SS0880  3 0.0011 0.9989 
   NS_SS0879  3 0.0113 0.9887 
   NS_SS0753  3 0.0077 0.9923 
   NS_SS1007  3 0.0014 0.9986 
   NS_SS0872  3 0.0020 0.9980 
   NS_SS1005  3 0.0011 0.9989 
   NS_SS0892  3 0.0018 0.9982 
   NS_SS0898  3 0.0047 0.9953 
   NS_SS0801  3 0.0093 0.9907 
   NS_SS0827  3 0.1096 0.8904 
   NS_SS0853  3 0.0052 0.9948 
   NS_SS0780  3 0.0039 0.9961 
   NS_SS0826  3 0.0030 0.9970 
   NS_SS0818  3 0.0013 0.9987 
   NS_SS0745  3 0.0011 0.9989 
   NS_SS0849  3 0.0015 0.9985 
   NS_SS0739  3 0.0125 0.9875 
   NS_SS0799  3 0.0010 0.9990 
   NS_SS0756  3 0.0034 0.9966 
   NS_SS0802  3 0.1984 0.8016 
   NS_SS0747  3 0.0048 0.9952 
   NS_SS0835  3 0.0009 0.9991 
   NS_SS0742  3 0.0011 0.9989 
   NS_SS0760  3 0.0383 0.9617 
   NS_SS0803  3 0.0064 0.9936 
   NS_SS0828  3 0.0011 0.9989 
   NS_SS0865  3 0.0247 0.9753 
   NS_SS0759  3 0.0042 0.9958 
   NS_SS0851  3 0.0176 0.9824 
   NS_SS0874  3 0.0014 0.9986 
   NS_SS0761  3 0.0021 0.9979 
   NS_SS0842  3 0.0074 0.9926 
   NS_SS0785  3 0.0045 0.9955 
   NS_SS0860  3 0.0016 0.9984 
   NS_SS0897  3 0.0014 0.9986 
   NS_SS0841  3 0.0032 0.9968 
   NS_SS0797  3 0.0157 0.9843 
   NS_SS0830  3 0.0018 0.9982 
   NS_SS1011  3 0.0057 0.9943 
   NS_SS0883  3 0.0048 0.9952 
   NS_SS0782  3 0.0021 0.9979 
   NS_SS0831  3 0.0020 0.9980 
   NS_SS0749  3 0.0032 0.9968 
   NS_SS0854  3 0.0027 0.9973 
   HI_SS0193  4 0.0011 0.9989 
   HI_SS0194  4 0.0016 0.9984 
   HI_SS0195  4 0.1031 0.8969 
   HI_SS0196  4 0.0024 0.9976 
   HI_SS0197  4 0.0127 0.9873 
   HI_SS0198  4 0.0075 0.9925 
   HI_SS0199  4 0.0020 0.9980 
   HI_SS0201  4 0.0017 0.9983 
   HI_SS0215  4 0.0027 0.9973 
   HI_SS0218  4 0.0046 0.9954 
   HI_SS0222  4 0.0040 0.9960 
   HI_SS0230  4 0.0055 0.9945 
   HI_SS0234  4 0.1529 0.8471 
   HI_SS0240  4 0.0061 0.9939 
   HI_SS0241  4 0.0017 0.9983 
   HI_SS0242  4 0.0024 0.9976 
   HI_SS0247  4 0.0213 0.9787 
   HI_SS0248  4 0.0006 0.9994 
   HI_SS0252  4 0.0017 0.9983 
   HI_SS0254  4 0.0950 0.9050 
   HI_SS0256  4 0.0016 0.9984 
   HI_SS0257  4 0.0025 0.9975 
   HI_SS0258  4 0.0035 0.9965 
   HI_SS0259  4 0.0023 0.9977 
   HI_SS0260  4 0.0014 0.9986 
   HI_SS0261  4 0.0023 0.9977 
   HI_SS0262  4 0.0056 0.9944 
   HI_SS0264  4 0.0035 0.9965 
   HI_SS0265  4 0.0956 0.9044 
   HI_SS0268  4 0.0025 0.9975 
   HI_SS0269  4 0.0012 0.9988 
   HI_SS0273  4 0.0013 0.9987 
   HI_SS0277  4 0.0019 0.9981 
   HI_SS0280  4 0.0049 0.9951 
   HI_SS0282  4 0.0009 0.9991 
   HI_SS0286  4 0.0057 0.9943 
   NS_SS1252  5 0.0034 0.9966 
   NS_SS1261  5 0.0164 0.9836 
   NS_SS1225  5 0.0867 0.9133 
   NS_SS1266  5 0.0090 0.9910 
   NS_SS1228  5 0.0132 0.9868 
   NS_SS1255  5 0.0012 0.9988 
   NS_SS1267  5 0.0103 0.9897 
   NS_SS1238  5 0.0021 0.9979 
   NS_SS1233  5 0.0018 0.9982 
   NS_SS1277  5 0.0009 0.9991 
   NS_SS1245  5 0.0014 0.9986 
   NS_SS1240  5 0.0014 0.9986 
   NS_SS1275  5 0.0028 0.9972 
   NS_SS1235  5 0.0042 0.9958 
   NS_SS1263  5 0.0008 0.9992 
   NS_SS1251  5 0.0014 0.9986 
   NS_SS1248  5 0.0937 0.9063 
   NS_SS1244  5 0.0043 0.9957 
   NS_SS1257  5 0.0217 0.9783 
   NS_SS1242  5 0.0020 0.9980 
   NS_SS1271  5 0.0201 0.9799 
   NS_SS1265  5 0.0139 0.9861 
   NS_SS1243  5 0.0782 0.9218 
   NS_SS1273  5 0.0090 0.9910 
   NS_SS1254  5 0.0054 0.9946 
   NS_SS1224  5 0.0078 0.9922 
   NS_SS1227  5 0.0013 0.9987 
   NS_SS1274  5 0.0114 0.9886 
   NS_SS1241  5 0.0009 0.9991 
   NS_SS1256  5 0.0334 0.9666 
   NS_SS1260  5 0.0601 0.9399 
   NS_SS1262  5 0.1668 0.8332 
   NS_SS1230  5 0.0063 0.9937 
   NS_SS1270  5 0.0018 0.9982 
   NS_SS1229  5 0.0031 0.9969 
   NS_SS1246  5 0.0021 0.9979 
   NS_SS1269  5 0.0019 0.9981 
   NS_SS1239  5 0.0043 0.9957 
   NS_SS1272  5 0.0049 0.9951 
   NS_SS1268  5 0.0017 0.9983 
   NS_SS1249  5 0.0087 0.9913 
   HI_SS0559  6 0.0013 0.9987 
   HI_SS0563  6 0.0024 0.9976 
   HI_SS0564  6 0.0480 0.9520 
   HI_SS0565  6 0.0026 0.9974 
   HI_SS0569  6 0.0016 0.9984 
   HI_SS0570  6 0.0299 0.9701 
   HI_SS0572  6 0.0019 0.9981 
   HI_SS0576  6 0.0045 0.9955 
   HI_SS0579  6 0.0128 0.9872 
   HI_SS0580  6 0.0035 0.9965 
   HI_SS0581  6 0.0706 0.9294 
   HI_SS0583  6 0.0021 0.9979 
   HI_SS0586  6 0.0009 0.9991 
   HI_SS0588  6 0.0145 0.9855 
   HI_SS0595  6 0.0234 0.9766 
   HI_SS0596  6 0.0019 0.9981 
   HI_SS0597  6 0.0023 0.9977 
   HI_SS0600  6 0.0028 0.9972 
   HI_SS0601  6 0.0123 0.9877 
   HI_SS0602  6 0.0019 0.9981 
   HI_SS0604  6 0.0014 0.9986 
   HI_SS0605  6 0.0063 0.9937 
   HI_SS0608  6 0.0008 0.9992 
   HI_SS0609  6 0.0006 0.9994 
   HI_SS0611  6 0.0024 0.9976 
   HI_SS0612  6 0.0053 0.9947 
   HI_SS0613  6 0.0013 0.9987 
   HI_SS0615  6 0.0092 0.9908 
   HI_SS0001  6 0.0031 0.9969 
   HI_SS0002  6 0.0224 0.9776 
   HI_SS0004  6 0.0042 0.9958 
   HI_SS0005  6 0.0057 0.9943 
   HI_SS0006  6 0.0013 0.9987 
   HI_SS0007  6 0.0020 0.9980 
   HI_SS0008  6 0.0335 0.9665 
   HI_SS0009  6 0.0042 0.9958 
   HI_SS0010  6 0.0024 0.9976 
   HI_SS0011  6 0.0791 0.9209 
   HI_SS0012  6 0.0044 0.9956 
   HI_SS0017  6 0.0018 0.9982 
   HI_SS0021  6 0.2392 0.7608 
   HI_SS0024  6 0.0017 0.9983 
   HI_SS0025  6 0.0028 0.9972 
   HI_SS0027  6 0.0097 0.9903 
   HI_SS0028  6 0.0017 0.9983 
   HI_SS0029  6 0.0073 0.9927 
   HI_SS0030  6 0.0035 0.9965 
   HI_SS0031  6 0.0035 0.9965 
   HI_SS0034  6 0.0041 0.9959 
   HI_SS0036  6 0.0080 0.9920 
   HI_SS0037  6 0.0033 0.9967 
   HI_SS0039  6 0.0025 0.9975 
   HI_SS0041  6 0.0017 0.9983 
   HI_SS0042  6 0.1190 0.8810 
   HI_SS0043  6 0.0021 0.9979 
   HI_SS0044  6 0.0021 0.9979 
   HI_SS0047  6 0.0019 0.9981 
   HI_SS0049  6 0.0031 0.9969 
   HI_SS0051  6 0.0018 0.9982 
   HI_SS0053  6 0.0034 0.9966 
   HI_SS0054  6 0.0026 0.9974 
   HI_SS0057  6 0.0024 0.9976 
   HI_SS0058  6 0.0054 0.9946 
   HI_SS0060  6 0.0756 0.9244 
   HI_SS0087  6 0.0021 0.9979 
   HI_SS0091  6 0.0009 0.9991 
   HI_SS0095  6 0.0460 0.9540 
   HI_SS0097  6 0.0040 0.9960 
   HI_SS0099  6 0.0033 0.9967 
   HI_SS0103  6 0.0027 0.9973 
   HI_SS0105  6 0.0234 0.9766 
   HI_SS0107  6 0.0009 0.9991 
   HI_SS0108  6 0.0183 0.9817 
   HI_SS0110  6 0.0010 0.9990 
   HI_SS0111  6 0.0224 0.9776 
   HI_SS0112  6 0.0010 0.9990 
   HI_SS0113  6 0.0028 0.9972 
   HI_SS0114  6 0.0040 0.9960 
   HI_SS0115  6 0.0133 0.9867 
   HI_SS0116  6 0.0025 0.9975 
   HI_SS0117  6 0.0018 0.9982 
   HI_SS0118  6 0.0083 0.9917 
   HI_SS0119  6 0.0015 0.9985 
   HI_SS0120  6 0.0029 0.9971 
   HI_SS0121  6 0.0014 0.9986 
   HI_SS0122  6 0.0200 0.9800 
   HI_SS0123  6 0.0041 0.9959 
   HI_SS0124  6 0.0032 0.9968 
   HI_SS0125  6 0.0403 0.9597 
   HI_SS0126  6 0.0007 0.9993 
   HI_SS0127  6 0.0078 0.9922 
   HI_SS0128  6 0.0022 0.9978 
   HI_SS0129  6 0.0077 0.9923 
   HI_SS0131  6 0.0299 0.9701 
   HI_SS0132  6 0.0006 0.9994 
   HI_SS0133  6 0.0010 0.9990 
   HI_SS0134  6 0.0016 0.9984 
   HI_SS0142  6 0.0164 0.9836 
   HI_SS0145  6 0.0012 0.9988 
   HI_SS0146  6 0.0009 0.9991 
   HI_SS0147  6 0.0241 0.9759 
   HI_SS0149  6 0.0037 0.9963 
   HI_SS0150  6 0.0042 0.9958 
   HI_SS0151  6 0.0118 0.9882 
   NS_SS1451  6 0.0028 0.9972 
   NS_SS1404  6 0.0087 0.9913 
   NS_SS1432  6 0.0417 0.9583 
   NS_SS1405  6 0.0025 0.9975 
   NS_SS1431  6 0.0008 0.9992 
   NS_SS1402  6 0.0020 0.9980 
   NS_SS1450  6 0.0031 0.9969 
   NS_SS1396  6 0.0048 0.9952 
   NS_SS1393  6 0.0033 0.9967 
   NS_SS1392  6 0.0157 0.9843 
   NS_SS1445  6 0.0062 0.9938 
   NS_SS1423  6 0.0012 0.9988 
   NS_SS1421  6 0.0858 0.9142 
   NS_SS1411  6 0.0013 0.9987 
   NS_SS1453  6 0.0045 0.9955 
   NS_SS1442  6 0.0029 0.9971 
   NS_SS1422  6 0.0088 0.9912 
   NS_SS1419  6 0.1736 0.8264 
   NS_SS1427  6 0.0017 0.9983 
   NS_SS1444  6 0.0031 0.9969 
   NS_SS1455  6 0.0012 0.9988 
   NS_SS1425  6 0.0015 0.9985 
   NS_SS1400  6 0.0010 0.9990 
   NS_SS1406  6 0.0078 0.9922 
   NS_SS1417  6 0.0059 0.9941 
   NS_SS1454  6 0.0011 0.9989 
   NS_SS1412  6 0.0157 0.9843 
   NS_SS1438  6 0.0011 0.9989 
   NS_SS1416  6 0.0054 0.9946 
   NS_SS1401  6 0.0104 0.9896 
   NS_SS1424  6 0.0109 0.9891 
   NS_SS1435  6 0.0022 0.9978 
   NS_SS1447  6 0.0055 0.9945 
   NS_SS1414  6 0.0068 0.9932 
   NS_SS1449  6 0.0038 0.9962 
   NS_SS1443  6 0.0015 0.9985 
   NS_SS1434  6 0.0005 0.9995 
   NS_SS1398  6 0.0181 0.9819 
   NS_SS1426  6 0.0018 0.9982 
   NS_SS1413  6 0.0077 0.9923 
   NS_SS1395  6 0.0071 0.9929 
   NS_SS1448  6 0.0017 0.9983 
   NS_SS1446  6 0.0027 0.9973 
   NS_SS1403  6 0.0057 0.9943 
   NS_SS1415  6 0.0063 0.9937 
   NS_SS1437  6 0.0071 0.9929 
   NS_SS1439  6 0.0022 0.9978 
   NS_SS1441  6 0.0015 0.9985 
   NS_SS1420  6 0.0031 0.9969 
   NS_SS1394  6 0.0339 0.9661 
   NS_SS1391  6 0.0101 0.9899 
   NS_SS1410  6 0.0107 0.9893 
   NS_SS1408  6 0.0551 0.9449 
   NS_SS1409  6 0.0021 0.9979 
   HI_SS0617  7 0.0010 0.9990 
   HI_SS0618  7 0.0018 0.9982 
   HI_SS0619  7 0.0026 0.9974 
   HI_SS0620  7 0.0025 0.9975 
   HI_SS0621  7 0.0121 0.9879 
   HI_SS0622  7 0.0077 0.9923 
   HI_SS0626  7 0.0081 0.9919 
   HI_SS0627  7 0.0071 0.9929 
   HI_SS0628  7 0.0420 0.9580 
   HI_SS0629  7 0.0050 0.9950 
   HI_SS0630  7 0.0400 0.9600 
   HI_SS0631  7 0.0007 0.9993 
   HI_SS0632  7 0.0025 0.9975 
   HI_SS0633  7 0.0031 0.9969 
   HI_SS0634  7 0.0017 0.9983 
   HI_SS0635  7 0.0067 0.9933 
   HI_SS0637  7 0.0027 0.9973 
   HI_SS0638  7 0.0009 0.9991 
   HI_SS0639  7 0.0388 0.9612 
   HI_SS0640  7 0.0018 0.9982 
   HI_SS0641  7 0.0044 0.9956 
   HI_SS0642  7 0.0018 0.9982 
   HI_SS0645  7 0.0007 0.9993 
   HI_SS0646  7 0.0023 0.9977 
   HI_SS0647  7 0.0009 0.9991 
   HI_SS0648  7 0.0027 0.9973 
   HI_SS0649  7 0.0013 0.9987 
   HI_SS0650  7 0.0035 0.9965 
   HI_SS0651  7 0.0036 0.9964 
   HI_SS0652  7 0.0031 0.9969 
   NS_SS1371  7 0.0047 0.9953 
   NS_SS1374  7 0.0021 0.9979 
   NS_SS1337  7 0.0026 0.9974 
   NS_SS1385  7 0.0039 0.9961 
   NS_SS1388  7 0.0055 0.9945 
   NS_SS1370  7 0.0085 0.9915 
   NS_SS1389  7 0.0034 0.9966 
   NS_SS1360  7 0.0034 0.9966 
   NS_SS1330  7 0.0032 0.9968 
   NS_SS1328  7 0.0016 0.9984 
   NS_SS1384  7 0.0027 0.9973 
   NS_SS1381  7 0.0006 0.9994 
   NS_SS1375  7 0.0010 0.9990 
   NS_SS1319  7 0.0940 0.9060 
   NS_SS1326  7 0.0073 0.9927 
   NS_SS1341  7 0.0036 0.9964 
   NS_SS1383  7 0.0036 0.9964 
   NS_SS1318  7 0.0121 0.9879 
   NS_SS1348  7 0.0011 0.9989 
   NS_SS1363  7 0.0038 0.9962 
   NS_SS1335  7 0.0236 0.9764 
   NS_SS1358  7 0.0115 0.9885 
   NS_SS1342  7 0.0013 0.9987 
   NS_SS1320  7 0.0060 0.9940 
   NS_SS1355  7 0.0111 0.9889 
   NS_SS1345  7 0.0159 0.9841 
   NS_SS1324  7 0.0020 0.9980 
   NS_SS1347  7 0.0028 0.9972 
   NS_SS1321  7 0.0011 0.9989 
   NS_SS1333  7 0.0029 0.9971 
   NS_SS1364  7 0.0017 0.9983 
   NS_SS1379  7 0.0462 0.9538 
   NS_SS1332  7 0.0048 0.9952 
   NS_SS1338  7 0.0058 0.9942 
   NS_SS1368  7 0.0038 0.9962 
   NS_SS1354  7 0.0110 0.9890 
   NS_SS1365  7 0.0080 0.9920 
   NS_SS1380  7 0.0236 0.9764 
   NS_SS1329  7 0.0025 0.9975 
   NS_SS1362  7 0.0033 0.9967 
   NS_SS1327  7 0.0024 0.9976 
   NS_SS1350  7 0.0085 0.9915 
   NS_SS1387  7 0.0025 0.9975 
   NS_SS1369  7 0.0031 0.9969 
   NS_SS1331  7 0.0083 0.9917 
   NS_SS1357  7 0.0027 0.9973 
   NS_SS1386  7 0.0020 0.9980 
   NS_SS1353  7 0.0028 0.9972 
   NS_SS1323  7 0.0731 0.9269 
   HI_SS0296  8 0.0014 0.9986 
   HI_SS0297  8 0.0008 0.9992 
   HI_SS0299  8 0.0264 0.9736 
   HI_SS0300  8 0.0010 0.9990 
   HI_SS0301  8 0.0030 0.9970 
   HI_SS0302  8 0.0144 0.9856 
   HI_SS0303  8 0.0043 0.9957 
   HI_SS0304  8 0.0019 0.9981 
   HI_SS0306  8 0.0027 0.9973 
   HI_SS0307  8 0.0062 0.9938 
   HI_SS0308  8 0.0759 0.9241 
   HI_SS0309  8 0.0029 0.9971 
   HI_SS0310  8 0.0054 0.9946 
   HI_SS0311  8 0.0016 0.9984 
   HI_SS0314  8 0.0010 0.9990 
   HI_SS0316  8 0.0037 0.9963 
   HI_SS0317  8 0.0020 0.9980 
   HI_SS0318  8 0.1920 0.8080 
   HI_SS0319  8 0.0038 0.9962 
   HI_SS0320  8 0.0009 0.9991 
   HI_SS0321  8 0.0012 0.9988 
   HI_SS0323  8 0.0015 0.9985 
   HI_SS0325  8 0.0015 0.9985 
   HI_SS0327  8 0.0011 0.9989 
   HI_SS0329  8 0.0012 0.9988 
   HI_SS0333  8 0.0022 0.9978 
   HI_SS0334  8 0.0011 0.9989 
   HI_SS0335  8 0.0206 0.9794 
   HI_SS0339  8 0.0106 0.9894 
   HI_SS0343  8 0.0019 0.9981 
   HI_SS0344  8 0.0021 0.9979 
   HI_SS0345  8 0.0057 0.9943 
   HI_SS0346  8 0.0028 0.9972 
   HI_SS0350  8 0.0093 0.9907 
   HI_SS0351  8 0.0031 0.9969 
   HI_SS0352  8 0.1025 0.8975 
   HI_SS0362  8 0.0018 0.9982 
   HI_SS0363  8 0.0028 0.9972 
   HI_SS0365  8 0.0036 0.9964 
   HI_SS0366  8 0.0012 0.9988 
   HI_SS0367  8 0.0021 0.9979 
   HI_SS0369  8 0.0021 0.9979 
   HI_SS0370  8 0.0026 0.9974 
   HI_SS0371  8 0.0038 0.9962 
   HI_SS0373  8 0.0080 0.9920 
   HI_SS0374  8 0.0252 0.9748 
   HI_SS0377  8 0.0735 0.9265 
   HI_SS0379  8 0.0010 0.9990 
   HI_SS0380  8 0.0057 0.9943 
   HI_SS0381  8 0.0040 0.9960 
   HI_SS0384  8 0.0056 0.9944 
   HI_SS0385  8 0.0009 0.9991 
   HI_SS0386  9 0.9988 0.0012 
   HI_SS0387  9 0.9874 0.0126 
   HI_SS0389  9 0.9969 0.0031 
   HI_SS0390  9 0.9988 0.0012 
   HI_SS0391  9 0.9979 0.0021 
   HI_SS0392  9 0.9989 0.0011 
   HI_SS0393  9 0.9988 0.0012 
   HI_SS0394  9 0.9989 0.0011 
   HI_SS0395  9 0.9972 0.0028 
   HI_SS0396  9 0.9897 0.0103 
   HI_SS0398  9 0.9951 0.0049 
   HI_SS0399  9 0.9991 0.0009 
   HI_SS0400  9 0.9982 0.0018 
   HI_SS0401  9 0.9987 0.0013 
   HI_SS0402  9 0.9988 0.0012 
   HI_SS0403  9 0.9986 0.0014 
   HI_SS0404  9 0.9989 0.0011 
   HI_SS0405  9 0.9813 0.0187 
   HI_SS0406  9 0.9982 0.0018 
   HI_SS0407  9 0.9938 0.0062 
   HI_SS0408  9 0.9991 0.0009 
   HI_SS0409  9 0.9974 0.0026 
   HI_SS0411  9 0.9978 0.0022 
   HI_SS0412  9 0.8305 0.1695 
   HI_SS0413  9 0.9984 0.0016 
   HI_SS0414  9 0.9841 0.0159 
   HI_SS0415  9 0.9984 0.0016 
   HI_SS0416  9 0.9970 0.0030 
   HI_SS0418  9 0.9961 0.0039 
   HI_SS0419  9 0.9974 0.0026 
   HI_SS0420  9 0.9982 0.0018 
   HI_SS0421  9 0.9961 0.0039 
   HI_SS0422  9 0.9988 0.0012 
   HI_SS0423  9 0.9969 0.0031 
   HI_SS0424  9 0.9987 0.0013 
   HI_SS0425  9 0.9971 0.0029 
   NS_SS1146 10 0.9979 0.0021 
   NS_SS1157 10 0.9947 0.0053 
   NS_SS1144 10 0.9776 0.0224 
   NS_SS1074 10 0.9967 0.0033 
   NS_SS1122 10 0.9959 0.0041 
   NS_SS1136 10 0.9992 0.0008 
   NS_SS1077 10 0.9992 0.0008 
   NS_SS1134 10 0.9902 0.0098 
   NS_SS1091 10 0.9983 0.0017 
   NS_SS1089 10 0.9974 0.0026 
   NS_SS1123 10 0.9986 0.0014 
   NS_SS1158 10 0.9993 0.0007 
   NS_SS1093 10 0.9983 0.0017 
   NS_SS1102 10 0.9952 0.0048 
   NS_SS1056 10 0.9987 0.0013 
   NS_SS1126 10 0.9976 0.0024 
   NS_SS1058 10 0.9966 0.0034 
   NS_SS1084 10 0.9987 0.0013 
   NS_SS1095 10 0.9943 0.0057 
   NS_SS1079 10 0.9986 0.0014 
   NS_SS1149 10 0.9976 0.0024 
   NS_SS1121 10 0.9986 0.0014 
   NS_SS1067 10 0.9949 0.0051 
   NS_SS1081 10 0.9979 0.0021 
   NS_SS1130 10 0.9974 0.0026 
   NS_SS1073 10 0.9978 0.0022 
   NS_SS1133 10 0.9945 0.0055 
   NS_SS1129 10 0.9989 0.0011 
   NS_SS1085 10 0.9980 0.0020 
   NS_SS1137 10 0.9961 0.0039 
   NS_SS1135 10 0.9989 0.0011 
   NS_SS1082 10 0.9989 0.0011 
   NS_SS1125 10 0.9987 0.0013 
   NS_SS1124 10 0.9955 0.0045 
   NS_SS1155 10 0.9931 0.0069 
   NS_SS1145 10 0.9985 0.0015 
